000000100000000000111000
00000000
00000000
00000000
1000000011111011
000100100000000001000001
101110010000000000000011
000000100000000000110010
11100100
0111100100100001
0111100000010010
101110000000000000000010
1000000000000100
11110111
00001001
00000000
11111100
0111100000010000
100100000000000001000100
0111101000010000
101110100000000000000010
1000000000000111
11100100
10010011
10100011
11110110
00001000
1101101011111001
000100100000000100011110
000100100000000000000011
011101011101000000000000
011101011000000110111111
000000100000000000001000
0111100100000001
00100010
00000000
00000000
00000000
00000000
00000000
00000000
00000000
00000000
00000000
00000000
00000000
00000000
00000000
00000000
00000000
00000000
11001010
1100000011100000
11100110
11110111
00001001
00001000
1101101011111001
1101000011100000
11111010
00100010
11000011
11100100
10011000
11111000
11100100
10011001
11111001
000100100000000010100010
1000000000100110
11000011
11100100
10011010
11111010
11100100
10011011
11111011
11101001
001000001110011111101001
000100100000000010100010
11100100
10011000
11111000
11100100
10011001
11111001
00100010
11000011
11100100
10011000
11111000
11100100
10011001
11111001
000100100000000010100010
11100100
10011000
11111000
11100100
10011001
11111001
11000011
11100100
10011010
11111010
11100100
10011011
11111011
00100010
11101011
001000001110011111001111
11101001
001000001110011111100000
101110010000000000010000
101110110000000000001000
11101000
1000101011110000
10000100
11111000
1010101011110000
00100010
11100100
11111011
11001000
11111010
00100010
11101011
0111000000100010
0111101100010000
11001000
00110011
11001000
11001001
00110011
11001001
00110011
0101000000000111
11000011
10011010
11000011
1101101111110010
1000000000000110
10011010
0101000000000001
00101010
1101101111101010
11001000
00110011
11110100
11001000
11001001
00110011
11110100
11001001
11111010
00100010
011101011111000000001000
11100100
11001000
00110011
11001000
11001001
00110011
11001001
00110011
11001001
10011010
11001001
10011011
0101000000000100
11001001
00101010
11001001
00111011
110101011111000011101100
11111011
11001000
00110011
11110100
11001000
11100100
11001001
11111010
00100010
0110000000001101
00001000
11000110
1010001011100111
00010011
11000110
00011000
11000110
00010011
11000110
110101011110000011110011
00100010
0111000000000100
00100010
0110000000001101
00011000
11000110
11000011
00110011
11000110
00001000
11000110
00110011
11000110
110101011110000011110100
00011000
00100010
1110010110000001
0010010000101010
1111010110000001
00000000
00000000
00000000
00000000
00000000
00000000
00000000
00000000
00000000
00000000
00000000
00000000
0111100000100001
1110010110000001
0010010011110111
11111001
0111010000001010
000100100000000001010100
0111100000101011
1110010110000001
0010010011101111
11111001
0111010000001000
000100100000000001010100
0111110000000000
0111100000000000
0111100100000000
0111101000000000
0111101100000000
0111111000000000
0111110100000000
0111110000000000
1110010110000001
0010010011110111
00101100
0010010000000010
11111000
11100110
1100000011100000
1110010110000001
0010010011101110
00101100
11111000
1101000011100000
11000110
01100110
11110110
00001100
11101100
11000011
1001010000001000
0100000011100011
00011100
1110010110000001
0010010011101111
00101100
11111000
11100110
11000100
0101010000001111
11111000
1110010110000001
0010010011010111
00101000
11111000
11100110
11000100
0101010011110000
11111001
1110010110000001
0010010011101111
00101100
11111000
11100110
0101010000001111
11111000
1110010110000001
0010010011010111
00101000
11111000
11100110
11111000
11101001
01001000
1100000011100000
1110010110000001
0010010011101110
00101100
11111000
1101000011100000
11110110
11101100
11000011
1001010000000001
0101000011000100
0111110000000000
1000000000001001
1110010110000001
0010010011100111
00101100
11111000
0111011000000000
00001100
11101100
11000011
1001010000001000
0100000011110001
0111110000000000
00000000
00000000
11010100
00000000
00000000
00000000
00000000
00000000
00000000
00000000
00000000
00000000
00000000
00000000
00000000
00000000
00000000
00000000
00000000
00000000
00000000
00000000
00000000
00000000
00000000
00000000
00000000
00000000
00000000
00000000
00000000
00000000
00000000
00000000
00000000
00000000
00000000
00000000
00000000
00000000
00000000
00000000
00000000
00000000
00000000
00000000
00000000
00000000
00000000
00000000
00000000
00000000
00000000
00000000
00000000
00000000
00000000
00000000
00000000
00000000
00000000
00000000
00000000
00000000
00000000
00000000
00000000
00000000
00000000
00000000
00000000
00000000
00000000
00000000
00000000
00000000
00000000
00000000
00000000
00000000
00000000
00000000
00000000
00000000
00000000
00000000
00000000
00000000
00000000
00000000
00000000
00000000
00000000
00000000
00000000
00000000
00000000
00000000
00000000
00000000
00000000
00000000
00000000
00000000
00000000
00000000
00000000
00000000
00000000
00000000
00000000
00000000
00000000
00000000
00000000
00000000
00000000
00000000
00000000
00000000
00000000
00000000
00000000
00000000
00000000
00000000
00000000
00000000
00000000
00000000
00000000
00000000
00000000
00000000
00000000
00000000
00000000
00000000
00000000
00000000
00000000
00000000
00000000
00000000
00000000
00000000
00000000
00000000
00000000
00000000
00000000
00000000
00000000
00000000
1110010110000001
0010010011110111
11111000
11100110
11111010
1110010110000001
0010010011111000
11111000
11100110
11111011
0111110000000000
1110010110000001
0010010011110111
00101100
0010010000000010
11111001
1110010110000001
0010010011110111
00101100
11111000
11100111
11110110
00001100
11101100
11000011
1001010000001000
0100000011101001
1110010110000001
0010010011111111
11111000
11101010
11110110
1110010110000001
1010100010000001
11101011
11110110
0111110000000000
1110010110000001
0010010011110111
11111000
11100110
0101010000000111
11111010
1110010110000001
0010010011110111
00101100
0010010000000001
11111000
11100110
11000100
00110011
0101010011100000
11111001
1110010110000001
0010010011110111
00101100
11111000
11100110
00010011
00010011
00010011
0101010000011111
01001001
1100000011100000
1110010110000001
0010010011110110
00101100
11111000
1101000011100000
11110110
00001100
11101100
11000011
1001010000001001
0100000011010011
11101010
11000100
00110011
0101010011100000
11111001
1110010110000001
1010100010000001
11100110
00010011
00010011
00010011
0101010000011111
01001001
1100000011100000
1110010110000001
0010010011111111
11111000
1101000011100000
11110110
1110010110000001
1010100010000001
11100110
0101010000001111
11111001
1110010110000001
1010100010000001
11100110
11000100
0101010000001111
11111000
1110010110000001
0010010011010111
00101000
11111000
11100110
11000100
0101010011110000
01001001
1100000011100000
1110010110000001
0010010011111111
11111000
1101000011100000
11110110
1000110100001000
011101010000100100000000
1110010100001000
0010010000000001
11111000
1110010100001001
0011010000000000
11111001
0111101000000010
0111101100000000
000100100000000010011010
1000101000001000
1000101100001001
0111010000000001
0110010100001000
0111000000000100
0111010000000000
0110010100001001
0111000000001010
1110010110000001
0010010011111000
11111000
11000110
0110010010000000
11110110
11100110
1110010110000001
0010010011111001
11111000
11100110
0101010000001111
1100000011100000
1000110100001000
011101010000100100000000
1110010100001000
0010010000000001
1111010100001000
1110010100001001
0011010000000000
1111010100001001
0111010000000001
0111100000001000
000100100000000011111011
1101000011100000
0110010100001000
11111001
1110010110000001
0010010011111001
11111000
11100110
0101010011110000
01001001
1100000011100000
1110010110000001
0010010011111000
11111000
1101000011100000
11110110
00001101
11101101
11000011
1001010000011111
0101000000000011
000000100000000101010110
0111110000000000
1110010110000001
0010010011110111
00101100
0010010000000010
11111000
11100110
1100000011100000
1110010110000001
0010010011101110
00101100
11111000
1101000011100000
11000110
01100110
11110110
00001100
11101100
11000011
1001010000001000
0100000011100011
0111101000000000
0111101100000000
1001001011110000
1110010110000001
0010010011010110
1111010110000001
1010001011110000
00100010
00000000
00000000
00000000
00000000
00000000
00000000
00000000
00000000
00000000
00000000
00000000
00000000
00000000
00000000
00000000
00000000
00000000
00000000
00000000
00000000
00000000
00000000
00000000
00000000
00000000
00000000
00000000
00000000
00000000
00000000
00000000
00000000
00000000
00000000
00000000
00000000
00000000
00000000
00000000
00000000
