000000100000000000111000
00000000
00000000
00000000
1000000011111011
000100100000000001000001
101110010000000000000011
000000100000000000110010
11100100
0111100100100001
0111100001010100
101110000000000000000010
1000000000000100
11110111
00001001
1101100011111100
0111100000010000
100100000000000001000100
0111101000000100
101110100000000000000010
1000000000000111
11100100
10010011
10100011
11110110
00001000
1101101011111001
000100100000011000111111
000100100000000000000011
011101011101000000000000
011101011000000110111111
000000100000000000001000
0111100100000001
00100010
10011110
00110111
01111001
10111001
11001010
1100000011100000
11100110
11110111
00001001
00001000
1101101011111010
1101000011100000
11111010
00100010
0110000000001101
00001000
11000110
1010001011100111
00010011
11000110
00011000
11000110
00010011
11000110
110101011110000011110011
00100010
0111000000000100
00100010
0110000000001101
00011000
11000110
11000011
00110011
11000110
00001000
11000110
00110011
11000110
110101011110000011110100
00011000
00100010
11101110
1100000011100000
11101111
1100000011100000
0111010000000011
00101010
11111000
11101000
11111100
11111000
0111010000000011
00101001
11111000
11100110
11001100
11111000
11101100
00100110
1100000011100000
0111010000000011
00101011
11111000
1101000011100000
11110110
0111010000000011
00101010
11111000
11100110
11111100
0111110100000000
0111010011111111
11000011
10011100
11111100
0111010000000000
10011101
11111101
0111010000000011
00101001
11111000
11100110
11111110
0111111100000000
11000011
11101100
10011110
11101101
10011111
1010001011010010
0110010111010000
00110011
0101000000000110
0111010000000010
00101011
11111000
00000110
11100110
0111010000000010
00101010
11111000
11101000
11111100
11111000
0111010000000010
00101001
11111000
11100110
11001100
11111000
11101100
00100110
1100000011100000
0111010000000010
00101011
11111000
1101000011100000
11000110
00100110
11110110
0111010000000010
00101010
11111000
11100110
11111100
0111110100000000
0111010011111111
11000011
10011100
11111100
0111010000000000
10011101
11111101
0111010000000010
00101001
11111000
11100110
11111110
0111111100000000
11000011
11101100
10011110
11101101
10011111
1010001011010010
0110010111010000
00110011
0101000000000110
0111010000000001
00101011
11111000
00000110
11100110
0111010000000001
00101010
11111000
11101000
11111100
11111000
0111010000000001
00101001
11111000
11100110
11001100
11111000
11101100
00100110
1100000011100000
0111010000000001
00101011
11111000
1101000011100000
11000110
00100110
11110110
0111010000000001
00101010
11111000
11100110
11111100
0111110100000000
0111010011111111
11000011
10011100
11111100
0111010000000000
10011101
11111101
0111010000000001
00101001
11111000
11100110
11111110
0111111100000000
11000011
11101100
10011110
11101101
10011111
1010001011010010
0110010111010000
00110011
0101000000000100
11101011
11111000
00000110
11100110
11101010
11111000
11100111
00100110
1100000011100000
11101011
11111000
1101000011100000
11000110
00100110
11110110
1101000011100000
11111111
1101000011100000
11111110
00100010
11101110
1100000011100000
11101111
1100000011100000
0111010000000011
00101001
11111000
11100110
1100000011100000
0111010000000011
00101010
11111000
1101000011100000
11000110
00100110
11110110
0111010000000011
00101001
11111000
11100110
11111100
0111110100000000
0111010011111111
11000011
10011100
11111100
0111010000000000
10011101
11111101
0111010000000011
00101010
11111000
11100110
11111110
0111111100000000
11000011
11101100
10011110
11101101
10011111
1010001011010010
0110010111010000
00110011
0101000000000110
0111010000000010
00101010
11111000
00000110
11100110
0111010000000010
00101001
11111000
11100110
1100000011100000
0111010000000010
00101010
11111000
1101000011100000
11000110
00100110
11110110
0111010000000010
00101001
11111000
11100110
11111100
0111110100000000
0111010011111111
11000011
10011100
11111100
0111010000000000
10011101
11111101
0111010000000010
00101010
11111000
11100110
11111110
0111111100000000
11000011
11101100
10011110
11101101
10011111
1010001011010010
0110010111010000
00110011
0101000000000110
0111010000000001
00101010
11111000
00000110
11100110
0111010000000001
00101001
11111000
11100110
1100000011100000
0111010000000001
00101010
11111000
1101000011100000
11000110
00100110
11110110
0111010000000001
00101001
11111000
11100110
11111100
0111110100000000
0111010011111111
11000011
10011100
11111100
0111010000000000
10011101
11111101
0111010000000001
00101010
11111000
11100110
11111110
0111111100000000
11000011
11101100
10011110
11101101
10011111
1010001011010010
0110010111010000
00110011
0101000000000100
11101010
11111000
00000110
11100110
11100111
1100000011100000
11101010
11111000
1101000011100000
11000110
00100110
11110110
1101000011100000
11111111
1101000011100000
11111110
00100010
11101010
11111000
11100111
01100110
1100000011100000
11101011
11111000
1101000011100000
11110110
0111010000000001
00101010
11111000
11101000
11111100
11111000
0111010000000001
00101001
11111000
11100110
11001100
11111000
11101100
01100110
1100000011100000
0111010000000001
00101011
11111000
1101000011100000
11110110
0111010000000010
00101010
11111000
11101000
11111100
11111000
0111010000000010
00101001
11111000
11100110
11001100
11111000
11101100
01100110
1100000011100000
0111010000000010
00101011
11111000
1101000011100000
11110110
0111010000000011
00101010
11111000
11101000
11111100
11111000
0111010000000011
00101001
11111000
11100110
11001100
11111000
11101100
01100110
1100000011100000
0111010000000011
00101011
11111000
1101000011100000
11110110
00100010
11101001
11111011
0111010000000010
00101011
11111001
11101010
11111000
11100111
11110110
0111010000000011
00101011
11111000
0111010000000001
00101010
11111001
11100110
11110111
0111010000000010
00101010
11111000
0111011000000000
0111010000000011
00101010
11111000
0111011000000000
00100010
1100000000001000
1100000000001001
11101010
11111000
0111011000000000
0111010000000001
00101010
11111000
0111011000000000
11100111
11000011
00010011
1100000011100000
0111010000000010
00101010
11111000
1101000011100000
11110110
1000011100001000
011101010000100100000000
0111010000000001
00101001
11111000
11100110
0010010000000001
0111100000001000
000100100000000001100101
0111010000000001
0111100000001000
000100100000000001010101
1110010100001000
0111010000000011
00101010
11111000
1110010100001000
11110110
1101000000001001
1101000000001000
00100010
11101110
1100000011100000
11101111
1100000011100000
1100000000001000
1110010110000001
0010010001011000
1111010110000001
11101001
11111110
11101010
11111111
1110010110000001
0010010011111001
11111000
11101110
11111001
11100111
11110110
0111010000000001
00101110
11111001
1110010110000001
0010010011111010
11111000
11100111
11110110
0111010000000010
00101110
11111001
1110010110000001
0010010011111011
11111000
11100111
11110110
0111010000000011
00101110
11111001
1110010110000001
0010010011111100
11111000
11100111
11110110
1110010110000001
0010010011111101
11111001
0111010000000100
00101110
11111000
11100110
11110111
0111010000000101
00101110
11111001
1110010110000001
0010010011111110
11111000
11100111
11110110
0111010000000110
00101110
11111001
1110010110000001
0010010011111111
11111000
11100111
11110110
0111010000000111
00101110
11111001
1110010110000001
1010100010000001
11100111
11110110
0111100000100001
1110010110000001
0010010011100101
11111001
0111010000000100
000100100000000001001000
011101010000100000000000
0111100000010000
1110010110000001
0010010010101001
11111001
0111010000000100
000100100000000001001000
1110010110000001
0010010011101001
11111001
11101111
11111000
11100110
11110111
0111010000000001
00101111
11111001
1110010110000001
0010010011101010
11111000
11100111
11110110
0111010000000010
00101111
11111001
1110010110000001
0010010011101011
11111000
11100111
11110110
0111010000000011
00101111
11111001
1110010110000001
0010010011101100
11111000
11100111
11110110
1110010110000001
0010010011101101
11111001
0111010000000100
00101111
11111000
11100110
11110111
0111010000000101
00101111
11111001
1110010110000001
0010010011101110
11111000
11100111
11110110
0111010000000110
00101111
11111001
1110010110000001
0010010011101111
11111000
11100111
11110110
0111010000000111
00101111
11111001
1110010110000001
0010010011110000
11111000
11100111
11110110
1110010110000001
0010010011110001
11111001
0111010000001000
00101111
11111000
11100110
11110111
0111010000001001
00101111
11111001
1110010110000001
0010010011110010
11111000
11100111
11110110
0111010000001010
00101111
11111001
1110010110000001
0010010011110011
11111000
11100111
11110110
0111010000001011
00101111
11111001
1110010110000001
0010010011110100
11111000
11100111
11110110
1110010110000001
0010010011110101
11111001
0111010000001100
00101111
11111000
11100110
11110111
0111010000001101
00101111
11111001
1110010110000001
0010010011110110
11111000
11100111
11110110
0111010000001110
00101111
11111001
1110010110000001
0010010011110111
11111000
11100111
11110110
0111010000001111
00101111
11111001
1110010110000001
0010010011111000
11111000
11100111
11110110
0111100000100101
1110010110000001
0010010010101101
11111001
0111010000000100
000100100000000001001000
0111100000101001
1110010110000001
0010010010110001
11111001
0111010000000100
000100100000000001001000
0111100000101101
1110010110000001
0010010010110101
11111001
0111010000000100
000100100000000001001000
0111100000110001
1110010110000001
0010010010111001
11111001
0111010000000100
000100100000000001001000
0111100000110101
1110010110000001
0010010010111101
11111001
0111010000000100
000100100000000001001000
0111100000111001
1110010110000001
0010010011000001
11111001
0111010000000100
000100100000000001001000
0111100000111101
1110010110000001
0010010011000101
11111001
0111010000000100
000100100000000001001000
0111100001000001
1110010110000001
0010010011001001
11111001
0111010000000100
000100100000000001001000
0111100001000101
1110010110000001
0010010011001101
11111001
0111010000000100
000100100000000001001000
0111100001001001
1110010110000001
0010010011010001
11111001
0111010000000100
000100100000000001001000
0111100001001101
1110010110000001
0010010011010101
11111001
0111010000000100
000100100000000001001000
0111100001010001
1110010110000001
0010010011011001
11111001
0111010000000100
000100100000000001001000
0111100001010101
1110010110000001
0010010011011101
11111001
0111010000000100
000100100000000001001000
0111100001011001
1110010110000001
0010010011100001
11111001
0111010000000100
000100100000000001001000
011101010000100000000001
000000100000010111001101
1110010110000001
0010010011100101
11111010
1110010110000001
0010010010101001
11111001
000100100000000101100000
1110010110000001
0010010010101101
11111010
1110010110000001
0010010011111101
11111001
000100100000001001111101
1110010110000001
0010010010110001
11111011
1110010110000001
0010010011100101
11111010
1110010110000001
0010010011111101
11111001
000100100000000001111000
1110010110000001
0010010010110101
11111010
1110010110000001
0010010011111101
11111001
000100100000001010011110
1110010110000001
0010010010111001
11111011
1110010110000001
0010010011101001
11111010
1110010110000001
0010010010101101
11111001
000100100000000001111000
1110010110000001
0010010010111101
11111011
1110010110000001
0010010010110001
11111010
1110010110000001
0010010010111001
11111001
000100100000001000100110
1110010110000001
0010010011000001
11111011
1110010110000001
0010010011101101
11111010
1110010110000001
0010010010110101
11111001
000100100000000001111000
1110010110000001
0010010011000101
11111011
1110010110000001
0010010011000001
11111010
1110010110000001
0010010010111101
11111001
000100100000001000100110
1110010110000001
0010010011111001
11111010
1110010110000001
0010010011000101
11111001
000100100000000101100000
1110010110000001
0010010011001001
11111010
1110010110000001
0010010011111001
11111001
000100100000001001111101
1110010110000001
0010010011001101
11111011
1110010110000001
0010010011100101
11111010
1110010110000001
0010010011111001
11111001
000100100000000001111000
1110010110000001
0010010011010001
11111010
1110010110000001
0010010011111001
11111001
000100100000001010011110
1110010110000001
0010010011010101
11111011
1110010110000001
0010010011110001
11111010
1110010110000001
0010010011001001
11111001
000100100000000001111000
1110010110000001
0010010011011001
11111011
1110010110000001
0010010011001101
11111010
1110010110000001
0010010011010101
11111001
000100100000001000100110
1110010110000001
0010010011011101
11111011
1110010110000001
0010010011110101
11111010
1110010110000001
0010010011010001
11111001
000100100000000001111000
1110010110000001
0010010011100001
11111011
1110010110000001
0010010011011101
11111010
1110010110000001
0010010011011001
11111001
000100100000001000100110
1110010110000001
0010010011111101
11111010
1110010110000001
0010010011100001
11111001
000100100000000101100000
0000010100001000
1110010100001000
11000011
1001010000000100
0101000000000011
000000100000010010111100
1110010110000001
0010010011111001
11111000
11101110
11111001
11100110
11110111
1110010110000001
0010010011111010
11111001
0111010000000001
00101110
11111000
11100111
11110110
1110010110000001
0010010011111011
11111001
0111010000000010
00101110
11111000
11100111
11110110
1110010110000001
0010010011111100
11111001
0111010000000011
00101110
11111000
11100111
11110110
1110010110000001
0010010011111101
11111001
0111010000000100
00101110
11111000
11100111
11110110
1110010110000001
0010010011111110
11111001
0111010000000101
00101110
11111000
11100111
11110110
1110010110000001
0010010011111111
11111001
0111010000000110
00101110
11111000
11100111
11110110
1110010110000001
1010100110000001
0111010000000111
00101110
11111000
11100111
11110110
1001001011110000
1110010110000001
0010010010101000
1111010110000001
1010001011110000
1101000000001000
1101000011100000
11111111
1101000011100000
11111110
00100010
1110010110000001
0010010000011000
1111010110000001
0111100001011101
1110010110000001
0010010011111001
11111001
0111010000001000
000100100000000001001000
0111100001100101
1110010110000001
0010010011101001
11111001
0111010000010000
000100100000000001001000
1110010110000001
0010010011111001
11111010
1110010110000001
0010010011101001
11111001
000100100000001011011110
1001001011110000
1110010110000001
0010010011101000
1111010110000001
1010001011110000
00100010
00000000
00000000
00000000
00000000
00000000
00000000
00000000
00000000
00000000
00000000
